0.0 4809435022 4809435022
7000.0 179827530 4989262552
14000.0 89767065 5079029617
21000.0 56094174 5135123791
28000.0 37504444 5172628235
35000.0 26330077 5198958312
42000.0 19994447 5218952759
49000.0 18353245 5237306004
56000.0 12651315 5249957319
63000.0 7851684 5257809003
70000.0 7087086 5264896089
77000.0 6054110 5270950199
84000.0 4555153 5275505352
91000.0 2838358 5278343710
98000.0 3861755 5282205465
105000.0 3671742 5285877207
112000.0 2311975 5288189182
119000.0 1709534 5289898716
126000.0 1803595 5291702311
133000.0 1505602 5293207913
140000.0 1436948 5294644861
147000.0 1493716 5296138577
154000.0 1098277 5297236854
161000.0 1152540 5298389394
168000.0 345344 5298734738
175000.0 179734 5298914472
182000.0 735920 5299650392
203000.0 411487 5300061879
210000.0 214456 5300276335
217000.0 436546 5300712881
224000.0 458323 5301171204
231000.0 475556 5301646760
238000.0 238974 5301885734
245000.0 743420 5302629154
266000.0 266315 5302895469
280000.0 282762 5303178231
294000.0 296197 5303474428
343000.0 349107 5303823535
378000.0 384687 5304208222
399000.0 404355 5304612577
413000.0 419043 5305031620
469000.0 472323 5305503943
574000.0 580846 5306084789
714000.0 715472 5306800261
#this is equivalent to doing xf(x) in the degree per node.
